world: 36211972-0403-420b-9255-e06f20b8b98c
world-name: spawn
x: 0.49034162771427975
y: 124.0
z: -16.479274133320473
yaw: -178.98822021484375
pitch: -4.050060749053955
name: afk
lastowner: 2aaf1cc8-c6a1-4ae9-8d97-3b9f07f8ff3a
