world: 36211972-0403-420b-9255-e06f20b8b98c
world-name: spawn
x: 0.5
y: 130.0
z: -17.5
yaw: 179.33529663085938
pitch: 0.984106719493866
name: spinner
lastowner: 2aaf1cc8-c6a1-4ae9-8d97-3b9f07f8ff3a
